this is an example for cold steel rolling(case 18)
3,         1,      0,    0
65.0,  250.0,    0.25,   0.17,   30.0  0.,  0.
358.,  1.0,  22.72727273,  0.3,   0.0,  0.
0.2     0.1
100.0
c------------------------------------------------
this is an example for cold aluminium rolling ( case 1)
31,         7,      0,    0
79.375,  160.0,    3.137,   2.6925,   30.0  0.,  0.
50.3,    1.0,      20.0,  0.26,   0.0,  0.
0.25     0.1
100.0
0.7692e5,0.3
c------------------------------------------------
this is an example for cold steel rolling(case 18)
3,         1,      0,    0
65.0,  250.0,    0.25,   0.17,   30.0  0.,  0.
358.,  1.0,  22.72727273,  0.3,   0.0,  0.
0.2     0.1
100.0
c------------------------------------------------
this is an example for cold rolling-1999 (case 1)
10,         6,      3,    1
55.0,  200.0,    1.46,   1.025,   30.0  0.,  0.
8.77,    0.0,      1.0,  0.5539,   0.0,  31.7
1.0     0.577352
100.0
c-------------------------------------------------
this is an example for cold rolling-1998 (case 8)
19,         2,      3,    1
79.375,  160.0,    1.015,   0.673,   30.0  0.,  0.
50.3,    1.0,      20.0,  0.26,   0.0,  0.
0.4     0.2
100.0
c-------------------------------------------------
this is an example for cold rolling-1998(case 3)
19,         2,      3,    1
79.375,  160.0,    3.137,   2.2225,   30.0  0.,  0.
50.3,    1.0,      20.0,  0.26,   0.0,  0.
0.25     0.1
101.0
0.7692e5,0.3
c-------------------------------------------------
this is an example for cold rolling-1998(case 2)
19,         2,      3,    1
79.375,  160.0,    3.137,   2.451,   30.0  0.,  0.
50.3,    1.0,      20.0,  0.26,   0.0,  0.
0.25     0.1
101.0
0.7692e5,0.3
c--------------------------------------------------
this is an example for cold rolling-1998(case 1)
19,         2,      3,    1
79.375,  160.0,    3.137,   2.6925,   30.0  0.,  0.
50.3,    1.0,      20.0,  0.26,   0.0,  0.
0.25     0.1
100.0
0.7692e5,0.3
c------------------------------------------------
this is an example for cold rolling-1998 (case 4)
19,         2,      3,    1
79.375,  160.0,    3.137,   2.0575,   30.0  0.,  0.
50.3,    1.0,      20.0,  0.26,   0.0,  0.
0.25     0.1
100.0
0.7692e5,0.3
c------------------------------------------------
this is an example for cold rolling-1998 (case 5)
19,         2,      3,    1
79.375,  160.0,    1.0285,   0.8635,   30.0  0.,  0.
50.3,    1.0,      20.0,  0.26,   0.0,  0.
0.25     0.1
100.0
0.7692e5,0.3
c------------------------------------------------
this is an example for cold rolling-1998 (case 6)
19,         2,      3,    1
79.375,  160.0,    1.0285,   0.794,   30.0  0.,  0.
50.3,    1.0,      20.0,  0.26,   0.0,  0.
0.25     0.1
100.0
c------------------------------------------------
this is an example for cold rolling-1998 (case 7)
19,         2,      3,    1
79.375,  160.0,    1.0285,   0.7495,   30.0  0.,  0.
50.3,    1.0,      20.0,  0.26,   0.0,  0.
0.25     0.1
100.0
c------------------------------------------------
this is an example for cold rolling-1998 (case 8)
19,         2,      3,    1
79.375,  160.0,    1.015,   0.673,   30.0  0.,  0.
50.3,    1.0,      20.0,  0.26,   0.0,  0.
0.25     0.1
100.0
c------------------------------------------------
this is an example for cold rolling-1998(case 9)
19,         2,      3,    1
79.375,  160.0,    3.175,   2.8955,   30.0  0.,  0.
70.3,    1.0,      45.454545,  0.49,   0.0,  0.
0.15     0.06
101.0
0.7692e5,0.3
c------------------------------------------------
this is an example for cold rolling-1998(case 10)
19,         2,      3,    1
79.375,  160.0,    3.175,   2.8575,   30.0  0.,  0.
70.3,    1.0,      45.454545,  0.49,   0.0,  0.
0.15     0.06
101.0
0.7692e5,0.3
c------------------------------------------------
this is an example for cold rolling-1998(case 11)
19,         2,      3,    1
79.375,  160.0,    3.175,   2.705,   30.0  0.,  0.
70.3,    1.0,      45.454545,  0.49,   0.0,  0.
0.15     0.06
101.0
0.7692e5,0.3
c------------------------------------------------
this is an example for cold rolling-1998(case 12)
19,         2,      3,    1
79.375,  160.0,    3.175,   2.616,   30.0  0.,  0.
70.3,    1.0,      45.454545,  0.49,   0.0,  0.
0.15     0.06
101.0
0.7692e5,0.3
c------------------------------------------------
this is an example for cold rolling-1998(case 13)
19,         2,      3,    1
79.375,  160.0,    0.781,   0.6605,   30.0  0.,  0.
70.3,    1.0,      45.454545,  0.49,   0.0,  0.
0.15     0.06
101.0
0.7692e5,0.3
c------------------------------------------------
this is an example for cold rolling-1998(case 14)
19,         2,      3,    1
79.375,  160.0,    0.781,   0.6035,   30.0  0.,  0.
70.3,    1.0,      45.454545,  0.49,   0.0,  0.
0.15     0.06
101.0
0.7692e5,0.3
c------------------------------------------------
this is an example for cold rolling-1998(case 15)
19,         2,      3,    1
79.375,  160.0,    0.781,   0.559,   30.0  0.,  0.
70.3,    1.0,      45.454545,  0.49,   0.0,  0.
0.15     0.06
101.0
0.7692e5,0.3
c------------------------------------------------
this is an example for cold rolling-1998(case 16)
19,         2,      3,    1
79.375,  160.0,    0.781,   0.5205,   30.0  0.,  0.
70.3,    1.0,      45.454545,  0.49,   0.0,  0.
0.15     0.06
101.0
0.7692e5,0.3
c------------------------------------------------
this is an example for cold rolling-1998(case 17)
19,         2,      3,    1
79.375,  160.0,    0.781,   0.5205,   30.0  0.,  0.
70.3,    1.0,      45.454545,  0.49,   0.0,  0.
0.15     0.06
101.0
0.7692e5,0.3
c------------------------------------------------
this is an example for cold rolling-1998(case 18)
19,         2,      3,    1
65.0,  250.0,    0.5,   0.34,   30.0  0.,  0.
324.,    1.0,      19.238,  0.295,   0.0,  0.
0.15     0.06
101.0
0.7692e5,0.3
